# x	y
21.895053	0.212345
22.452091	0.372074
21.943692	0.196137
21.922758	0.297393
22.123549	0.364264
22.094618	0.32922
21.295609	0.250548
21.736766	0.13865
21.70475	0.220243
21.457901	0.174876
21.439722	0.46863
21.352909	0.1271
21.273174	0.22477
20.864681	0.131659
21.042865	0.129173
20.965829	0.127711
21.026322	0.108749
20.875093	0.126688
20.957967	0.396146
20.915421	0.166071
20.664334	0.22746
20.889523	0.174794
20.599532	0.148808
20.620786	0.162344
20.85866	0.153478
20.702427	0.195748
20.717505	0.104284
20.638241	0.120856
20.624768	0.13185
20.402999	0.283695
20.616416	0.228398
20.436308	0.10142
20.236386	0.158403
20.499986	0.151893
20.567534	0.109291
20.431573	0.096273
20.325487	0.099413
20.292776	0.145716
20.218889	0.13971
20.069854	0.078075
20.008907	0.130873
19.983585	0.087116
19.780512	0.133346
19.994618	0.106108
19.894865	0.089291
19.619423	0.149686
19.707498	0.134611
19.737843	0.106044
19.888252	0.094688
19.80836	0.079887
19.478004	0.110771
19.707203	0.144096
19.599327	0.10599
19.658728	0.124074
19.260539	0.175027
19.268936	0.093295
19.255528	0.125833
19.036518	0.135328
18.973479	0.152364
19.076878	0.074927
19.189023	0.192898
19.003395	0.105906
18.749225	0.062823
18.820919	0.058122
18.871767	0.064083
18.705339	0.060121
18.496047	0.116146
18.58225	0.070518
18.458739	0.051377
18.309818	0.053794
18.311172	0.055551
18.081662	0.0942
18.168987	0.085088
18.011223	0.06231
17.979659	0.078524
18.039613	0.119868
17.959254	0.066975
17.621371	0.083107
17.87566	0.056525
17.588979	0.052571
17.604916	0.073588
17.443314	0.084121
17.418112	0.048363
17.43886	0.053884
17.230964	0.037299
17.147674	0.072434
17.024508	0.061536
17.066959	0.048499
17.016877	0.044526
16.829671	0.052476
16.911287	0.070162
16.855288	0.050402
16.603911	0.065078
16.494734	0.041799
16.325311	0.044456
16.394722	0.064974
16.307927	0.02991
16.171302	0.065147
15.979693	0.030544
16.097564	0.037202
15.805312	0.055883
15.741769	0.037198
15.594687	0.026285
15.635676	0.045417
15.470775	0.13126
15.243225	0.046215
15.245194	0.028072
15.232308	0.023861
14.984863	0.031319
14.907688	0.027348
14.791023	0.049803
14.747082	0.026496
14.656383	0.024577
14.502123	0.042369
14.425506	0.027527
14.356964	0.023927
14.148963	0.050523
14.05677	0.022982
13.986698	0.026323
13.779648	0.056759
13.724711	0.032971
13.626949	0.033539
13.512801	0.041332
13.386766	0.046121
13.296874	0.019418
13.254163	0.02107
13.013094	0.038068
12.834479	0.034004
12.561683	0.040282
12.417492	0.045516
12.364768	0.03893
20.354131	0.106978
14.757016	0.035985
12.53849	0.036206
13.82856	0.045136
12.224888	0.029956
15.334147	0.046825
13.609842	0.03422
12.835166	0.036569
13.242503	0.035852
16.876924	0.050855
11.953727	0.025826
13.294781	0.035648
12.280575	0.053792
12.822335	0.022359
12.041346	0.027852
14.254439	0.042265
15.087332	0.031016
16.931826	0.068219
14.65816	0.024955
12.171109	0.049123
12.275577	0.041039
14.496904	0.03432
12.030053	0.024264
15.12912	0.028676
12.415785	0.02011
12.772096	0.024064
18.063215	0.054628
13.708249	0.021701
13.009041	0.018919
16.97221	0.038817
12.600731	0.027445
18.709763	0.09028
19.162475	0.109199
13.303677	0.021047
13.694677	0.061672
13.357559	0.023215
15.199882	0.029745
12.610073	0.028806
15.663927	0.057537
12.328598	0.024445
15.784806	0.070432
12.620818	0.024211
18.136349	0.045994
12.670783	0.034522
12.527395	0.023924
13.344643	0.020347
14.77639	0.026307
13.755771	0.026277
13.07204	0.018924
12.241325	0.021329
16.184595	0.040969
15.2371	0.034884
12.168207	0.032017
17.175571	0.070553
12.460352	0.022403
13.005453	0.029169
17.676795	0.044069
16.486151	0.050008
14.860153	0.046178
14.58332	0.032905
16.897533	0.133473
14.581784	0.034176
13.417897	0.038655
13.88508	0.038392
13.430051	0.025794
13.100549	0.023607
16.149174	0.035143
12.186855	0.033156
14.827342	0.02758
13.173347	0.033992
14.996753	0.058237
13.471947	0.025878
15.056746	0.037968
16.493641	0.098802
15.263995	0.027547
16.32542	0.034536
14.166475	0.022782
18.022381	0.113668
14.171961	0.038775
15.715686	0.074327
13.638746	0.020858
14.888569	0.027753
17.613873	0.06841
13.832955	0.032281
17.561609	0.053105
14.139586	0.04106
13.839265	0.02438
14.362998	0.044848
14.204018	0.041391
15.065422	0.033101
18.798906	0.127911
14.259823	0.023535
13.667624	0.064198
15.112591	0.049231
17.184978	0.054139
17.377442	0.069612
17.041117	0.080965
14.367924	0.027398
15.515758	0.048543
13.150357	0.056377
14.35573	0.058159
14.22237	0.022185
15.750612	0.041846
13.825086	0.031077
13.687204	0.035326
12.928232	0.046518
14.995666	0.036711
17.941699	0.047559
16.290182	0.048897
14.212309	0.02139
13.888212	0.036496
14.519085	0.040023
18.370122	0.123487
15.657394	0.045545
13.926169	0.021037
14.266545	0.055788
15.255296	0.035299
12.746966	0.029607
14.752495	0.036562
13.664869	0.032665
14.358499	0.022184
18.644877	0.050719
16.901311	0.103006
15.26463	0.029863
14.20174	0.022682
18.301682	0.072733
18.849344	0.119023
13.264325	0.024305
14.582381	0.045795
16.789775	0.042684
14.945666	0.035967
14.68398	0.041837
16.822527	0.0698
14.697562	0.039884
14.797627	0.025638
15.382919	0.038588
17.985471	0.07237
14.657246	0.023081
13.279407	0.025015
15.221141	0.042405
16.357703	0.067657
18.519748	0.152793
15.621447	0.035081
15.611691	0.035488
14.599168	0.028103
20.270514	0.149146
17.060694	0.04022
15.775087	0.043084
14.388915	0.025144
14.887384	0.024315
15.139302	0.036887
17.440213	0.097286
15.480853	0.029386
15.306296	0.028939
18.635453	0.077465
18.622535	0.078615
14.979066	0.059394
14.933553	0.02759
14.953926	0.027184
13.819944	0.037429
14.386427	0.061632
15.343392	0.025706
15.727282	0.029154
14.824926	0.046399
16.262063	0.05422
14.763523	0.025885
15.10511	0.057814
15.026463	0.071802
15.343348	0.064384
15.92405	0.071582
19.044882	0.1788
15.016972	0.05494
20.605287	0.127605
19.048913	0.063775
14.980998	0.038539
13.523227	0.032662
18.114703	0.06736
13.790587	0.059859
14.885051	0.032282
13.460713	0.048419
16.904336	0.048819
15.646261	0.033616
14.603522	0.048796
14.162799	0.031003
15.290407	0.046938
16.186604	0.041827
15.324095	0.051948
15.582174	0.042292
16.217888	0.053278
13.737575	0.036735
15.726143	0.034667
17.551544	0.056864
16.804309	0.067479
16.064879	0.031421
17.653596	0.083793
16.891517	0.039491
15.330786	0.064663
15.331251	0.061244
15.436241	0.053323
16.561484	0.041468
14.984707	0.047614
16.494895	0.07992
15.524799	0.04225
14.848879	0.044101
15.402923	0.051
15.569479	0.07338
15.86305	0.075017
19.95413	0.108503
15.54052	0.026848
16.047384	0.064599
16.565349	0.031146
20.77343	0.186636
16.09575	0.048596
14.559714	0.036126
17.472895	0.04134
17.326463	0.049786
15.507171	0.038514
18.887354	0.111155
18.067868	0.050223
15.533223	0.040125
15.053263	0.031654
15.766552	0.061854
16.904435	0.044094
15.294534	0.027756
16.384486	0.080676
20.004373	0.105688
13.922504	0.031683
19.241791	0.082299
19.19199	0.095461
15.313609	0.031558
15.703674	0.041845
13.85077	0.02355
17.408903	0.043048
15.784461	0.042464
19.977041	0.271695
15.458998	0.029082
15.727998	0.038726
19.240562	0.175076
15.599895	0.041732
13.882635	0.027311
17.450247	0.065134
15.374317	0.048418
15.428577	0.078207
16.837804	0.066281
15.351763	0.038982
16.758953	0.068574
18.364772	0.091205
15.968001	0.031395
13.567928	0.032044
15.783466	0.03694
17.617324	0.079827
15.214445	0.049437
15.865177	0.03124
14.806369	0.036028
15.440898	0.03928
17.552629	0.042977
13.103995	0.043105
19.795384	0.070733
15.493983	0.06899
15.604768	0.045509
16.85489	0.05483
16.543113	0.036482
15.10597	0.036993
16.444557	0.041583
15.160472	0.038987
15.752037	0.052738
13.691119	0.029105
15.612716	0.026044
17.465823	0.095497
16.6408	0.038406
16.445879	0.036812
15.464246	0.034787
17.694905	0.0687
14.829287	0.062046
15.956723	0.036337
17.96507	0.095384
15.19657	0.057779
18.229532	0.04936
14.698487	0.042964
19.362686	0.079952
15.872324	0.067267
18.629075	0.100029
15.205399	0.024416
19.35114	0.066621
16.503704	0.059029
16.130219	0.083439
15.871229	0.122307
18.421664	0.069252
18.874972	0.093054
15.52732	0.044825
17.424577	0.052121
16.017929	0.084011
16.560691	0.059234
16.290393	0.097515
17.584967	0.053574
15.743321	0.043301
19.157813	0.075259
18.080121	0.063646
16.245694	0.054931
15.066252	0.028156
18.056517	0.11857
16.656383	0.093437
18.588539	0.066048
16.199975	0.029915
19.324394	0.099484
18.684319	0.159627
16.919669	0.052623
15.695483	0.042386
15.596676	0.059583
18.108954	0.07096
20.287183	0.204761
20.098761	0.113954
13.53877	0.025747
16.314438	0.040511
17.442667	0.03662
15.98425	0.027209
16.511389	0.036552
16.933088	0.053774
15.948481	0.039845
17.522168	0.037243
17.595255	0.046485
19.610807	0.07589
15.816375	0.032365
15.399124	0.046806
18.230589	0.150178
15.810104	0.030185
16.482566	0.080524
15.957845	0.029879
17.803275	0.073114
16.319302	0.030114
15.98746	0.053976
16.209925	0.067614
15.869486	0.049153
17.367736	0.093871
17.517157	0.037358
16.394614	0.082231
16.248419	0.043357
16.766363	0.058391
16.402405	0.064137
17.433778	0.036502
19.361761	0.128821
16.042185	0.029487
14.350425	0.031657
15.881608	0.055563
15.579289	0.047398
16.062661	0.042041
16.208111	0.044102
16.170795	0.053076
18.643184	0.049318
16.776163	0.031577
16.431788	0.030481
18.883992	0.074391
17.047796	0.055198
14.134212	0.048611
20.078349	0.152052
17.161287	0.088127
15.90391	0.060727
13.811092	0.03278
19.140563	0.124287
16.335578	0.037165
20.212109	0.119318
16.014005	0.056241
16.35888	0.031295
19.106864	0.111976
16.454694	0.045909
16.337202	0.061286
18.996864	0.084206
16.28476	0.054163
18.136231	0.053213
16.607021	0.070532
16.334941	0.031096
16.343605	0.031025
19.971797	0.138584
16.95739	0.074849
15.133942	0.037515
16.197492	0.032136
17.278075	0.061389
15.820258	0.035662
16.959005	0.037376
18.14107	0.052614
16.392166	0.069356
18.10192	0.04804
16.048803	0.043716
16.445121	0.037752
16.353027	0.055931
15.772891	0.07295
17.520577	0.041392
16.850862	0.050584
15.696493	0.045198
16.022097	0.059067
17.425039	0.050771
15.974911	0.05612
14.25585	0.037684
16.719444	0.046246
16.138461	0.032667
15.832661	0.032831
17.390902	0.039756
16.197886	0.029411
13.73777	0.050347
16.209281	0.046173
19.557893	0.079332
18.536963	0.070836
18.45911	0.049836
16.028781	0.051833
16.517866	0.046261
16.065842	0.042743
20.002882	0.089036
17.693088	0.10807
17.011574	0.049748
16.760766	0.048794
18.880654	0.083181
15.712634	0.037049
18.767385	0.083589
17.740166	0.049539
18.607819	0.12122
19.824826	0.08207
19.982437	0.099712
16.984354	0.119072
18.887923	0.090553
17.014348	0.052913
17.122264	0.043085
16.311684	0.082755
19.177813	0.128044
17.030448	0.044901
16.42775	0.08217
19.279042	0.098359
14.85748	0.03016
16.703303	0.03201
17.537964	0.082789
16.420916	0.0393
17.27265	0.07779
20.264535	0.174822
16.849977	0.042971
17.449357	0.087178
18.876239	0.110791
16.662979	0.037412
16.621368	0.049952
16.791128	0.05701
17.311862	0.068523
16.857372	0.053089
17.143057	0.058278
20.326437	0.219558
19.457515	0.074642
16.85689	0.0576
17.592534	0.080713
15.026524	0.02917
18.538429	0.086001
21.079879	0.213601
14.609465	0.04845
16.842385	0.035136
16.739401	0.048474
17.127057	0.034145
17.542075	0.058803
20.751248	0.246177
17.106571	0.073072
16.697697	0.080805
17.098078	0.0507
18.933758	0.069081
17.198163	0.082523
15.940856	0.042882
20.069382	0.08169
17.593236	0.039951
19.652066	0.132891
18.295754	0.047892
17.055665	0.068982
18.180696	0.099268
18.778599	0.145795
19.643575	0.11806
18.365628	0.084463
16.969138	0.051484
18.678447	0.081441
17.225131	0.04795
17.303729	0.054502
16.547843	0.060585
16.584146	0.063854
17.557158	0.055164
16.182451	0.061361
16.952804	0.034316
17.115971	0.036412
18.604244	0.103665
17.269756	0.043462
16.866912	0.041503
16.562122	0.09111
18.482142	0.142145
16.8168	0.086618
16.961516	0.048818
17.541561	0.040092
16.460059	0.030265
17.309224	0.067282
16.951801	0.047975
16.971104	0.071533
16.842331	0.065213
20.602681	0.122434
16.764436	0.070416
17.396215	0.091234
18.722593	0.064288
16.534855	0.034157
17.191376	0.070963
17.948485	0.088174
16.805178	0.049149
17.468143	0.054126
18.117831	0.061517
18.311579	0.065462
18.65112	0.072109
15.536244	0.0436
16.876121	0.054232
19.116673	0.061688
16.939134	0.039282
16.755337	0.032163
19.86854	0.100097
19.973408	0.102325
18.630162	0.13646
17.03225	0.067283
15.854113	0.047144
17.126327	0.099841
19.552832	0.073055
16.230418	0.049796
15.340405	0.029366
17.006475	0.076071
17.115958	0.056371
15.064102	0.026898
21.260667	0.270295
16.27602	0.048964
17.784097	0.056671
16.975951	0.051258
19.605198	0.073518
18.139733	0.051313
19.079951	0.181984
19.859845	0.139471
16.885503	0.044085
16.716266	0.071407
18.515288	0.054643
17.164328	0.097161
16.811545	0.055437
18.310575	0.100849
17.353038	0.066557
19.164222	0.095734
16.51013	0.038853
18.048856	0.098213
19.589403	0.117123
17.709373	0.041775
16.639358	0.042149
15.914492	0.036675
16.229108	0.048704
20.433572	0.106214
16.828778	0.040865
17.639774	0.110832
15.535102	0.039842
16.608687	0.035266
17.370398	0.038119
18.49891	0.089741
17.803728	0.087946
19.655989	0.131167
17.350035	0.060499
17.545916	0.08613
19.340547	0.096472
17.12459	0.043786
17.207481	0.056731
19.43195	0.06317
17.056038	0.065889
16.887186	0.037447
16.717266	0.041353
18.092379	0.122362
17.860016	0.080981
16.784991	0.070399
20.034904	0.143076
16.317035	0.061874
17.482802	0.097095
16.673653	0.047506
14.190477	0.051434
16.858921	0.047211
16.72466	0.037166
17.771864	0.065216
17.126105	0.086676
16.931042	0.045473
16.684419	0.048981
17.677718	0.048429
18.966782	0.120668
17.367627	0.038083
19.817813	0.116033
17.090336	0.033857
15.303004	0.049835
16.811388	0.079589
16.54062	0.061187
18.135451	0.046995
17.180579	0.044667
16.639118	0.054414
16.866164	0.039175
20.07358	0.085034
18.21821	0.04735
20.892769	0.203873
17.199936	0.09336
18.994186	0.153142
19.700893	0.185449
19.216423	0.088154
17.314699	0.049422
17.784683	0.060291
17.470333	0.097432
17.643118	0.073552
18.741166	0.074705
17.736148	0.050897
21.178252	0.143372
17.753776	0.055552
20.424689	0.182827
19.302116	0.077839
18.098501	0.121097
17.312031	0.04967
17.550454	0.064679
17.590365	0.063859
15.426015	0.039803
20.381156	0.257873
17.998193	0.046151
19.563423	0.11258
17.341457	0.060635
17.749707	0.083154
17.509538	0.070264
18.391173	0.064159
21.158021	0.154442
17.341598	0.041343
17.460469	0.067016
17.415664	0.054941
18.292153	0.069448
17.801427	0.096514
18.677006	0.071508
20.015027	0.139228
17.452246	0.064898
18.624186	0.088054
16.936537	0.046219
21.06543	0.34667
18.419571	0.117769
15.019038	0.031165
17.958946	0.084363
18.310084	0.097596
18.182821	0.059994
18.787518	0.091622
15.088276	0.027494
14.561099	0.037334
17.513641	0.051799
18.702327	0.063794
17.892744	0.062382
17.315518	0.074749
15.010822	0.069542
18.363915	0.109629
17.524292	0.048075
20.735447	0.247065
18.734603	0.076237
17.628612	0.054617
22.330046	0.468771
17.533612	0.079207
17.431621	0.070402
19.779694	0.126158
18.88059	0.076608
17.821472	0.042675
17.212836	0.043116
17.405027	0.046831
17.449514	0.048969
18.404401	0.065787
17.727921	0.072477
17.982517	0.059639
17.8711	0.058689
17.330656	0.056879
17.977807	0.09947
17.453771	0.0856
19.062598	0.064488
19.410941	0.069137
17.684724	0.040508
17.407068	0.04335
17.471172	0.054807
15.805705	0.046558
17.47444	0.066117
17.97404	0.058737
18.574513	0.05822
17.423811	0.04258
18.325329	0.107122
18.892957	0.080027
19.802728	0.192467
17.733825	0.054432
17.548189	0.082826
21.565907	0.205188
18.076473	0.11107
17.099892	0.069775
20.422158	0.112452
17.213186	0.08152
17.988119	0.079149
17.629996	0.052327
17.180447	0.041457
19.863172	0.117142
17.348573	0.056159
17.315639	0.042212
15.021711	0.069049
17.361842	0.039715
19.772522	0.15066
18.869407	0.06075
18.564001	0.090862
21.17174	0.144685
18.114973	0.102548
17.88248	0.049353
17.908374	0.042997
17.774621	0.056334
20.730472	0.260042
18.537834	0.056013
17.223567	0.09529
18.622154	0.115146
17.172245	0.047585
18.521809	0.057482
17.131502	0.078365
20.168775	0.08097
18.0455	0.073774
16.278944	0.071944
17.570681	0.057741
18.798787	0.088307
20.021843	0.135517
17.837383	0.040337
20.497619	0.119208
17.991006	0.106058
19.217864	0.059481
16.645981	0.077584
17.339992	0.09956
16.820834	0.057419
18.042867	0.076324
17.52872	0.047775
18.847711	0.11108
19.752244	0.095108
16.865266	0.046603
17.599962	0.064929
18.142967	0.078474
17.17933	0.074924
18.150815	0.065123
19.65569	0.099323
19.651426	0.070629
17.666142	0.048244
18.462937	0.097577
17.896246	0.057936
20.777334	0.168141
17.264603	0.072365
19.692389	0.13394
17.812233	0.058853
17.453316	0.069533
15.951251	0.05142
18.101207	0.060534
18.116649	0.044651
17.811799	0.071106
18.385638	0.049375
16.467713	0.062086
17.931933	0.062445
17.511402	0.049132
18.79938	0.139509
17.555864	0.063404
19.887161	0.218306
17.717404	0.048763
15.19236	0.064279
17.355059	0.049706
17.708844	0.066021
17.133183	0.064083
20.110078	0.143188
17.748518	0.048642
17.601172	0.051977
17.444886	0.042173
18.912671	0.064017
17.33027	0.040552
19.712135	0.123141
17.258953	0.108114
17.19587	0.041466
16.156341	0.028797
17.354508	0.042676
16.217721	0.059702
17.40184	0.101282
17.281611	0.058246
17.948951	0.086633
17.763484	0.048896
20.012852	0.237873
17.195304	0.051697
18.932276	0.101301
17.513969	0.042684
18.176281	0.059589
20.331105	0.101455
19.802732	0.176486
15.7084	0.066032
19.633926	0.074583
19.967273	0.132329
17.458619	0.054771
19.240668	0.129544
17.376049	0.048412
18.599121	0.131818
17.740341	0.071783
17.509988	0.054155
18.387156	0.076654
18.066249	0.104829
19.210775	0.08894
18.119272	0.062198
17.488104	0.039755
16.55006	0.043879
17.590808	0.056398
17.619631	0.061795
16.445138	0.045174
19.204751	0.068551
16.827108	0.037668
18.605672	0.053047
18.60284	0.07138
17.839549	0.081086
17.509243	0.122043
18.049314	0.128925
17.28485	0.047685
17.633755	0.062137
18.214507	0.146944
17.448498	0.070416
17.299477	0.072628
18.45206	0.08046
18.362033	0.065934
18.704359	0.147701
18.800125	0.068307
18.949622	0.071712
19.219502	0.215848
17.447113	0.072046
17.755929	0.081171
17.350333	0.058892
17.476967	0.117681
17.224668	0.064291
16.616718	0.067791
17.751957	0.048889
17.324918	0.09872
18.455911	0.064171
18.716273	0.070079
18.235915	0.068636
17.649126	0.087726
17.784712	0.061103
20.084116	0.202174
20.779134	0.105575
19.09194	0.080678
16.527158	0.043673
18.012508	0.065803
15.751272	0.028103
17.498475	0.102065
16.849497	0.090165
17.44394	0.067767
17.695417	0.046179
17.64128	0.107768
16.772075	0.09993
17.721871	0.056031
17.271007	0.117065
20.620048	0.191187
17.736149	0.08129
18.162543	0.117466
18.628753	0.146072
18.010345	0.095526
17.075724	0.053502
18.250797	0.095694
18.380048	0.12609
20.967366	0.28724
18.209775	0.06239
19.510821	0.104157
20.044273	0.216941
19.197799	0.093183
19.61086	0.080687
17.920799	0.078585
18.873817	0.114345
20.591993	0.129824
20.608876	0.157348
18.665878	0.098989
18.592763	0.130136
17.773653	0.073092
18.091819	0.088334
19.961653	0.154196
19.528389	0.088444
19.072315	0.05775
21.065873	0.19284
18.587541	0.094626
19.770107	0.214154
17.925273	0.117222
20.392672	0.263247
18.708725	0.076088
18.728782	0.096582
18.267268	0.061545
18.201527	0.06842
19.648076	0.071853
19.697549	0.117692
19.503417	0.198895
17.94416	0.051327
20.43261	0.149044
17.453884	0.054803
18.386784	0.046977
18.658375	0.112855
19.741972	0.107342
21.179254	0.106807
17.906752	0.12127
17.754054	0.060145
20.633579	0.14507
18.116927	0.103498
18.256199	0.051788
19.51099	0.114245
18.550519	0.050552
17.683708	0.051882
19.715514	0.173073
19.339442	0.101377
19.214405	0.161642
20.693609	0.142206
19.155668	0.070122
18.56414	0.05512
18.606673	0.164254
17.725384	0.041236
20.334218	0.137931
18.215077	0.06536
18.377296	0.090495
18.369156	0.060332
16.995301	0.050969
17.085954	0.073037
17.336892	0.061608
17.913947	0.16979
20.012405	0.176528
18.268356	0.070771
19.083616	0.104003
18.289561	0.085708
18.031389	0.065069
19.58064	0.071779
19.071448	0.060832
16.886439	0.048221
18.418723	0.084804
18.311865	0.115037
17.851588	0.044061
18.597376	0.069599
18.606388	0.114033
17.929879	0.065782
18.364575	0.056305
17.867085	0.053622
18.181332	0.062479
18.140639	0.065265
18.475426	0.057188
19.901905	0.130529
19.002808	0.097546
18.70444	0.140632
17.712576	0.094433
18.317745	0.085498
20.554007	0.148824
16.831215	0.040185
19.693342	0.077378
18.049903	0.043377
20.692051	0.202816
19.21845	0.103768
18.140077	0.052622
17.7532	0.05072
16.377122	0.059542
18.707587	0.095797
18.818004	0.107959
20.357639	0.083274
21.014245	0.125701
18.336862	0.093659
16.381024	0.075543
18.396337	0.091522
19.251751	0.089482
16.851778	0.048147
17.907879	0.071302
18.574957	0.055084
18.199902	0.066814
16.907821	0.081039
18.497492	0.08838
18.050521	0.073923
16.895259	0.044535
18.472976	0.096078
20.33185	0.165479
18.568517	0.051076
18.208947	0.082376
18.13036	0.046045
19.522586	0.08454
18.265398	0.166459
17.055467	0.035278
18.441884	0.092902
18.516372	0.065929
16.212514	0.066118
17.458638	0.057427
18.490285	0.087379
18.323387	0.112769
20.094745	0.088115
20.33362	0.088138
20.386704	0.113139
18.83664	0.111904
18.315633	0.09906
18.963529	0.055877
17.605463	0.069004
18.252138	0.062146
17.009573	0.056542
16.865702	0.071827
18.267964	0.095368
19.182363	0.155176
18.344659	0.094775
18.041134	0.080692
18.090794	0.094029
17.084519	0.047741
17.673982	0.085448
18.830586	0.078441
18.473093	0.060217
19.823434	0.126616
20.519447	0.213577
19.135101	0.086732
18.446457	0.108367
20.131105	0.131596
20.3694	0.28034
21.013684	0.146912
19.049183	0.112044
18.728386	0.117374
15.851527	0.035733
18.237344	0.049532
16.920957	0.051111
16.670944	0.061136
18.607296	0.071032
19.658543	0.114049
16.982972	0.041851
18.040658	0.077515
16.651823	0.079229
18.532593	0.12664
20.342823	0.139371
17.198381	0.048384
17.870517	0.044096
18.197786	0.098185
18.728198	0.055727
19.631519	0.124045
18.98188	0.063123
19.673335	0.094863
18.253363	0.074534
18.242264	0.101698
18.507583	0.049877
16.530515	0.050324
19.521913	0.150677
18.75444	0.072885
18.466387	0.07471
18.019346	0.136299
18.165948	0.055536
17.948994	0.061304
18.0434	0.047903
18.010638	0.062164
18.048724	0.123619
19.946378	0.088037
18.792036	0.08863
18.953713	0.064009
21.607646	0.249555
20.985106	0.143033
20.864978	0.119246
20.081811	0.180563
18.757369	0.081748
18.535515	0.116078
15.524562	0.037453
19.790914	0.090692
19.605682	0.128968
19.186302	0.177553
18.195502	0.100405
18.541863	0.094359
17.554467	0.096995
20.451504	0.153546
17.840044	0.051379
18.742616	0.154977
20.980641	0.242814
19.090796	0.064764
17.834982	0.05889
19.561974	0.172657
19.980224	0.130986
19.51972	0.116717
18.156537	0.049871
19.957562	0.210526
17.756469	0.108023
18.013868	0.121676
18.267238	0.101148
20.558412	0.130989
18.468059	0.088937
16.833095	0.064152
18.427846	0.078354
19.750262	0.088717
19.466015	0.073195
17.985432	0.138471
17.800253	0.068655
19.954768	0.168277
18.362112	0.069273
20.727172	0.196506
18.333079	0.078248
16.50341	0.052693
18.265355	0.076802
20.016505	0.080313
18.943489	0.122549
18.28567	0.057243
17.535185	0.054767
16.548904	0.048366
20.17954	0.126881
18.140223	0.056505
19.435145	0.110659
18.910256	0.069287
17.134891	0.045826
18.03951	0.084594
17.833937	0.052857
19.156547	0.126447
18.671565	0.066569
18.038921	0.056724
18.131504	0.098676
18.336121	0.072709
20.786975	0.107092
17.780431	0.047144
20.805993	0.159687
16.413506	0.034966
18.089469	0.050515
18.328799	0.058637
19.607631	0.219646
18.719409	0.06909
18.95786	0.194818
17.790153	0.053916
18.357764	0.073847
17.861567	0.080892
20.040258	0.088117
17.793674	0.048978
19.527066	0.084764
18.038812	0.064424
19.224177	0.118717
20.757565	0.206499
16.440194	0.050706
18.277213	0.063823
19.425841	0.061018
20.220097	0.139688
19.877079	0.207728
17.532515	0.086338
16.452775	0.064557
19.860217	0.093164
17.773667	0.050188
18.448201	0.048289
18.526248	0.055217
18.726933	0.113622
18.449164	0.047948
18.536239	0.065025
18.614287	0.081217
19.278989	0.106229
18.41439	0.065597
18.192694	0.046787
18.568462	0.103505
19.345898	0.206296
19.433082	0.080981
18.315353	0.062995
18.116958	0.187561
18.209321	0.095887
16.868508	0.040421
18.357602	0.190184
18.843152	0.067246
18.606438	0.120536
18.58218	0.061776
18.089085	0.105197
18.268328	0.048739
19.508937	0.101999
19.254764	0.076259
18.146562	0.147284
17.946726	0.084491
21.107924	0.209596
19.408567	0.090591
18.638674	0.131469
19.193822	0.074353
20.126349	0.090586
19.010225	0.079549
19.450159	0.156966
18.117436	0.07357
18.629116	0.109984
19.326653	0.146197
18.926879	0.056246
19.796543	0.10831
19.678109	0.163655
18.436626	0.073606
18.71864	0.072107
20.069742	0.187901
18.188102	0.049339
18.325713	0.05441
17.806708	0.069027
16.048988	0.030504
18.510392	0.109439
18.845292	0.128868
18.298051	0.065615
18.277509	0.051701
15.906597	0.028329
18.257848	0.055446
17.968383	0.104721
21.030759	0.158314
17.095724	0.033757
18.56096	0.078212
18.581667	0.106033
18.979404	0.106834
20.38367	0.172382
17.785178	0.045053
17.907647	0.060789
18.499827	0.117884
18.165866	0.052037
16.609175	0.053961
18.265787	0.048865
19.119469	0.087352
18.250326	0.094505
17.639575	0.068234
20.516593	0.170492
20.118387	0.11542
18.531651	0.061182
16.829834	0.032583
17.88251	0.041678
17.040059	0.041169
20.288674	0.084344
19.11336	0.09979
19.37286	0.152574
18.781785	0.079291
20.605632	0.140329
19.097493	0.09842
18.448472	0.067667
18.751338	0.085229
18.831863	0.056565
19.879222	0.119199
17.781119	0.071434
18.697092	0.078851
20.976075	0.183537
18.814119	0.084258
20.702108	0.157893
19.918049	0.115843
18.933557	0.081637
19.361266	0.105982
18.846204	0.144152
19.389617	0.132877
17.789101	0.084182
20.662576	0.104234
20.451467	0.206833
18.68447	0.080295
21.158979	0.233555
19.213748	0.096436
20.545578	0.199852
18.916752	0.10137
20.296309	0.094433
19.207411	0.137724
19.308572	0.066558
18.947392	0.122338
19.478079	0.112013
19.012911	0.094418
18.764478	0.084103
19.892422	0.107986
19.744298	0.141326
20.321857	0.152472
20.202471	0.156319
18.454942	0.077362
18.691939	0.136167
18.702491	0.104428
16.538956	0.041339
18.74065	0.092723
19.365488	0.106268
18.884356	0.081831
18.965244	0.107981
17.48928	0.044605
18.821767	0.140793
19.149945	0.116182
18.923345	0.065936
20.276285	0.101013
18.986399	0.156453
20.156655	0.093737
21.072912	0.114396
20.397468	0.184512
18.807373	0.073795
19.325149	0.061953
18.973966	0.123226
19.20516	0.100587
21.714551	0.137157
19.67552	0.066703
18.847144	0.097526
19.300942	0.184983
19.141387	0.056377
19.286244	0.099742
19.110085	0.074249
18.976812	0.077581
18.80086	0.108975
20.364692	0.12115
19.57655	0.071517
20.673869	0.114179
20.081601	0.093288
19.31802	0.158872
20.37346	0.278128
21.223283	0.149003
19.369791	0.099763
19.908937	0.10124
19.144235	0.062541
19.055642	0.065072
19.776333	0.091758
18.855652	0.085901
19.020645	0.125963
19.889518	0.116531
19.894532	0.179568
19.757128	0.09668
19.4057	0.066512
20.082673	0.180634
19.545865	0.097109
19.870898	0.078028
19.039152	0.108982
18.142889	0.079521
19.977345	0.120227
18.945125	0.107944
19.982035	0.114699
19.099506	0.088738
18.991971	0.068129
18.214356	0.103104
18.869254	0.055425
20.746813	0.254664
20.237264	0.088378
21.435742	0.168432
20.846554	0.094653
18.496063	0.072533
18.716439	0.049937
19.287273	0.157947
20.286146	0.101663
18.544456	0.103605
17.871163	0.087289
20.487737	0.233828
18.826619	0.061189
19.180814	0.077291
19.014938	0.099762
21.111389	0.302875
17.156868	0.064994
19.078011	0.092281
19.921879	0.145574
18.884044	0.120351
18.484167	0.122669
19.746013	0.078882
20.435021	0.132363
18.852567	0.104191
20.048818	0.152852
19.234469	0.073362
18.945203	0.065244
19.527334	0.082616
20.127211	0.196382
19.014546	0.152158
19.297493	0.15669
20.163316	0.145529
20.387889	0.109271
16.007566	0.038803
18.742778	0.121465
19.124245	0.066887
18.526297	0.049893
18.842876	0.061704
19.152366	0.061909
18.844561	0.095411
21.055911	0.115354
17.730799	0.060033
20.896548	0.132169
19.781719	0.118703
20.255671	0.139032
19.458165	0.106616
19.303718	0.138718
18.735597	0.070657
21.07775	0.169504
18.541476	0.057711
17.694857	0.079661
19.165195	0.103527
20.222155	0.19204
20.657713	0.093461
18.757891	0.172435
18.978115	0.066471
19.033101	0.100006
22.212219	0.371375
19.016316	0.115384
20.446808	0.138697
20.587428	0.162016
18.574587	0.116196
20.605066	0.168013
19.587061	0.116145
19.995826	0.10046
18.478381	0.08446
19.234824	0.078726
19.221605	0.112015
18.661925	0.132134
18.837819	0.080926
18.954579	0.076468
18.653556	0.106702
18.921798	0.07946
19.607298	0.115466
17.855287	0.095653
18.940266	0.07785
19.037307	0.082894
20.788602	0.099043
20.131362	0.203835
19.349837	0.086088
20.269051	0.140059
19.607456	0.128444
19.308283	0.109541
19.583181	0.18557
18.599079	0.08826
19.153221	0.086872
18.58791	0.05276
17.89916	0.071218
18.898058	0.073886
17.288722	0.064851
19.445652	0.0691
19.041645	0.060731
20.622599	0.146536
18.682058	0.108315
19.556047	0.159279
19.322621	0.097328
18.813817	0.057562
17.996935	0.077004
19.523566	0.080465
19.100676	0.121207
18.810487	0.078476
19.681364	0.180602
18.984286	0.061359
18.928381	0.096794
19.448459	0.110433
18.522199	0.053222
19.567268	0.166962
19.121324	0.063257
18.570483	0.067846
19.564062	0.123836
19.395583	0.070442
20.130127	0.159566
19.137192	0.091091
20.572467	0.141517
18.97642	0.091604
18.841853	0.080309
19.14877	0.153793
19.244393	0.069017
19.250681	0.129988
17.765479	0.056966
20.233332	0.099797
18.745321	0.052297
19.014157	0.102575
19.468936	0.109597
18.158014	0.096498
18.187458	0.100987
18.315855	0.07289
18.804838	0.068179
19.650356	0.103172
19.413741	0.073669
18.972399	0.113071
18.805398	0.164447
20.477556	0.117903
19.369027	0.06567
19.157208	0.07598
18.980708	0.072986
20.488731	0.142471
19.749225	0.095179
19.920387	0.100484
19.337211	0.097488
18.940683	0.10697
20.633348	0.257491
18.174759	0.080946
20.59949	0.138522
18.922974	0.067798
18.965817	0.062239
18.740555	0.070028
18.917964	0.125172
18.813788	0.246723
19.204273	0.113766
18.636087	0.089329
19.009269	0.115073
19.466139	0.065973
19.789817	0.106631
18.754735	0.152195
18.984131	0.055784
20.633704	0.170724
20.101392	0.148176
19.289848	0.141574
19.318412	0.133665
19.89642	0.105205
20.38471	0.099992
18.610545	0.093523
19.084946	0.080719
19.047366	0.10652
19.233316	0.098307
20.530735	0.166036
19.396731	0.104853
21.194021	0.14295
16.446254	0.046395
19.132697	0.116411
19.789072	0.107805
19.046605	0.090751
19.091073	0.119295
18.766332	0.129423
20.121973	0.088764
17.694919	0.10714
19.740789	0.147453
18.075247	0.149607
19.165825	0.159133
19.704912	0.0921
19.47852	0.190015
19.025589	0.143609
19.994455	0.093077
18.515605	0.057516
20.450855	0.090747
18.280659	0.09431
19.666075	0.098431
19.802165	0.228354
18.593757	0.138495
20.410454	0.112113
19.218874	0.104681
19.335861	0.074985
20.915917	0.263433
20.81889	0.172099
17.06361	0.056608
18.509196	0.13227
19.22749	0.067898
18.961185	0.076074
19.410352	0.112823
20.192137	0.172152
19.443515	0.082983
19.760074	0.18831
20.580786	0.108937
19.821748	0.083157
18.825084	0.139874
19.603501	0.146138
20.548277	0.103389
19.491957	0.091057
18.377943	0.099466
18.711135	0.064884
19.584815	0.090413
19.936501	0.137952
21.639223	0.302422
19.73525	0.103506
19.254104	0.113232
17.1528	0.057115
20.101812	0.094026
20.403166	0.112246
20.863334	0.228229
18.993895	0.105161
19.519258	0.089836
20.210691	0.116322
19.109941	0.159495
18.961592	0.172878
21.548799	0.237158
17.769592	0.083365
20.372882	0.084974
18.22829	0.055516
19.586874	0.139323
18.754187	0.102571
19.32208	0.144897
20.235578	0.135115
19.396955	0.066774
18.495998	0.054005
18.67044	0.061908
21.200698	0.200754
19.511929	0.123953
20.195076	0.141107
18.97101	0.07678
20.36882	0.216722
16.897261	0.034369
19.575485	0.10717
19.844184	0.091346
18.738436	0.109219
19.226853	0.085148
18.979076	0.070956
18.065078	0.074718
19.922303	0.085612
20.554897	0.274076
19.126377	0.084681
19.692405	0.171084
19.947147	0.184698
19.677785	0.133778
19.870351	0.08738
19.347932	0.080275
20.367024	0.205101
17.854357	0.084424
19.164093	0.0611
21.301358	0.111082
19.918693	0.102945
19.679092	0.071892
20.037855	0.139869
19.814139	0.150292
19.259914	0.118393
19.337076	0.071132
18.23497	0.182635
17.573322	0.04237
19.007488	0.061851
20.63486	0.215137
19.068141	0.089646
19.017315	0.108791
18.379963	0.137428
17.989778	0.085972
19.828973	0.14829
18.799797	0.099046
19.269444	0.075389
17.91276	0.086758
19.162921	0.069507
19.377106	0.077026
20.549624	0.136213
19.114544	0.104324
20.290451	0.131047
18.764509	0.088303
18.175072	0.087705
18.687015	0.088554
18.878176	0.100288
18.799402	0.109983
17.300584	0.037114
16.264391	0.031576
18.274785	0.059305
18.942796	0.059743
18.61517	0.055533
20.559537	0.132302
19.874031	0.136275
19.666777	0.073221
18.73187	0.153672
19.452844	0.066998
19.576058	0.14689
19.601807	0.115983
18.858463	0.059095
20.488109	0.089953
18.780356	0.08669
16.698559	0.069577
18.824984	0.054508
18.907629	0.123859
19.043309	0.099456
19.20373	0.068342
19.126002	0.099925
20.246779	0.209165
18.899752	0.081077
16.796754	0.050139
19.385855	0.064872
20.115384	0.142172
18.977939	0.125
19.040081	0.125356
18.542669	0.063666
18.879944	0.070614
18.369015	0.065307
18.964863	0.07499
19.079571	0.080319
20.070068	0.157962
19.334272	0.120215
17.334567	0.068842
20.29054	0.10132
19.772007	0.087288
18.059675	0.14193
19.068337	0.110211
16.71704	0.052306
20.142462	0.27481
21.30383	0.148209
18.562746	0.0822
17.804219	0.068265
20.40497	0.128193
20.269403	0.113761
18.396803	0.109085
18.669405	0.100953
20.278092	0.24299
20.196495	0.151844
19.461073	0.157261
19.134015	0.085785
19.472127	0.171651
16.39971	0.044055
19.484952	0.067949
18.317447	0.07128
19.205322	0.117414
19.265391	0.134085
18.757073	0.086071
19.813268	0.100703
18.973488	0.05836
19.457159	0.069889
19.218817	0.126598
21.40489	0.12848
18.982586	0.080794
19.533087	0.113949
19.120041	0.121949
20.336666	0.121697
19.011098	0.07564
18.881761	0.053743
19.079062	0.079836
17.728725	0.057414
19.873442	0.089163
20.349256	0.116393
19.804118	0.171169
19.290725	0.124691
19.373065	0.152306
18.112139	0.070948
18.738281	0.126306
18.106937	0.062094
19.436143	0.078926
19.252477	0.158549
19.196469	0.145468
19.029443	0.087982
19.26098	0.159479
18.846644	0.073761
19.47287	0.111613
19.199766	0.217785
18.56511	0.052905
20.788313	0.107565
19.348466	0.093918
18.594127	0.115968
17.421224	0.055012
19.769665	0.094022
19.517311	0.125692
18.487293	0.161317
19.18933	0.110733
20.845653	0.23589
20.063661	0.147659
19.090921	0.162075
19.935712	0.207511
19.653648	0.087665
19.485213	0.072529
20.0385	0.145586
19.758943	0.093887
19.550421	0.181596
19.61392	0.146261
20.343688	0.122114
18.499141	0.138626
19.444814	0.082261
19.022022	0.097319
19.364949	0.092892
19.899671	0.149742
19.701492	0.091831
20.969441	0.208748
21.294873	0.220818
19.96476	0.076452
20.740753	0.272681
19.772806	0.110867
19.56689	0.098466
19.683804	0.162135
20.568044	0.103241
19.957221	0.08668
18.630672	0.073265
19.284596	0.101499
18.822474	0.054571
20.630307	0.124009
20.500218	0.103595
19.82392	0.203522
19.994394	0.148136
20.633824	0.172831
19.764823	0.081248
20.486032	0.136883
19.82321	0.087888
18.575887	0.082899
19.00072	0.118712
19.927291	0.140845
19.842153	0.200215
19.57672	0.10278
19.355332	0.075188
20.198443	0.125962
19.692566	0.149899
19.757085	0.156506
20.497287	0.122753
19.950769	0.111066
19.585493	0.088316
20.36049	0.136997
20.580815	0.186541
20.00974	0.13387
19.484766	0.216753
20.010639	0.111548
20.882649	0.115631
21.212048	0.135091
19.300649	0.10576
19.287174	0.132491
20.726122	0.108451
19.812376	0.082373
19.489595	0.072867
19.090937	0.077924
20.966073	0.163556
19.61823	0.091331
20.11212	0.185282
19.045227	0.133443
19.641061	0.090152
19.675517	0.077516
20.365198	0.126795
19.906954	0.092766
21.230979	0.207977
19.843299	0.079806
20.15662	0.090443
19.430381	0.071957
20.661855	0.154614
19.525008	0.094104
19.298355	0.171048
19.895016	0.173906
20.539843	0.096337
19.679748	0.139548
19.693144	0.099609
20.297295	0.117948
20.086612	0.133069
19.764357	0.252632
20.206623	0.151236
19.927243	0.124073
20.000556	0.12041
20.645841	0.2527
18.613554	0.08041
20.063417	0.138765
19.460671	0.082438
19.136254	0.097842
20.684875	0.145515
19.652375	0.099136
20.012233	0.171014
18.463271	0.074919
19.41323	0.13109
18.737035	0.075584
19.165588	0.074829
19.578812	0.105105
18.853602	0.079736
18.652232	0.09027
19.627712	0.181174
20.541416	0.131306
20.146973	0.157113
19.614025	0.075048
17.80785	0.07223
19.23136	0.104014
19.735644	0.141051
19.994288	0.152121
19.682899	0.103346
17.503398	0.049978
21.258273	0.145817
20.891363	0.231788
19.762623	0.088264
19.551181	0.162106
20.357111	0.152141
19.944049	0.102289
20.008167	0.095881
19.546406	0.089106
20.609235	0.151853
19.725229	0.091403
18.507496	0.105018
20.967367	0.120908
20.894075	0.182256
19.738468	0.162078
19.427502	0.121768
19.363567	0.196885
21.072455	0.106376
19.433544	0.079233
19.304924	0.074181
19.648118	0.096702
18.974562	0.129197
19.754433	0.075052
19.630335	0.126967
19.156785	0.109657
20.094819	0.131822
19.529944	0.249015
19.366318	0.22198
19.95748	0.080318
18.798177	0.067914
18.33037	0.101579
19.763665	0.106688
20.593537	0.12451
19.524565	0.07406
19.79581	0.224179
19.654445	0.089724
20.197493	0.090356
19.927766	0.184814
19.596021	0.065237
19.025235	0.05805
18.379448	0.066263
20.618493	0.149251
19.906954	0.116937
20.645664	0.097569
19.887156	0.113153
19.316476	0.067827
19.532787	0.123609
18.260741	0.055937
20.93199	0.181094
19.82492	0.180494
19.995648	0.083167
20.500035	0.199079
19.572607	0.096194
20.093833	0.146531
20.076257	0.094335
19.767624	0.130181
21.257449	0.284687
19.411648	0.161259
19.318388	0.144237
20.540547	0.185521
20.556645	0.111597
20.251636	0.122568
19.49951	0.094472
19.930065	0.100295
17.422236	0.039093
20.055378	0.07982
19.782193	0.240469
19.886204	0.167765
19.475277	0.106173
19.653409	0.07411
19.876132	0.143227
20.601048	0.108202
19.866655	0.156529
19.796757	0.140606
19.819255	0.119427
20.158062	0.107318
20.131549	0.135671
19.375478	0.139411
19.801311	0.099997
19.71059	0.126897
20.527257	0.154384
20.179141	0.123069
19.759935	0.074836
20.720471	0.19967
21.497807	0.258104
20.08009	0.181559
19.634155	0.105012
19.773456	0.117129
21.02688	0.137627
19.855781	0.193948
19.715164	0.091407
20.986047	0.26437
19.107111	0.095169
20.269909	0.242599
19.73634	0.100646
19.634754	0.070808
20.383813	0.125702
19.965151	0.075603
19.588768	0.131813
20.049692	0.079911
19.621998	0.105223
20.201565	0.154724
19.787103	0.101745
19.634866	0.075452
19.897404	0.139639
20.474775	0.102994
19.491522	0.088467
20.025738	0.198236
19.594502	0.106254
18.73282	0.106331
20.299651	0.089906
19.641487	0.086444
20.782453	0.114431
19.765124	0.07841
19.558809	0.125676
19.282274	0.094999
20.478152	0.127627
20.62303	0.191404
20.118458	0.090415
19.416935	0.065279
20.215864	0.131752
20.602641	0.144743
20.003844	0.076083
19.694405	0.131083
19.484334	0.084777
19.559284	0.133739
20.033338	0.151479
19.661361	0.095469
18.65861	0.126401
19.505315	0.16905
19.710444	0.27097
19.803383	0.134968
19.859568	0.093726
19.672645	0.117547
19.721774	0.094564
18.639505	0.100486
21.248885	0.364331
20.35632	0.194331
19.493265	0.164268
20.534317	0.12622
19.791138	0.117883
20.275744	0.237055
19.208215	0.163396
19.319291	0.245826
19.611395	0.138474
19.765148	0.083946
19.537641	0.114576
20.251174	0.127029
19.391479	0.100803
19.824872	0.123608
20.301503	0.129252
19.619395	0.113114
19.422061	0.090719
19.4095	0.13178
18.326979	0.064046
19.717911	0.096198
20.090578	0.140612
21.113607	0.286396
18.536038	0.086573
21.025361	0.147213
20.030454	0.092351
20.37585	0.175745
18.024257	0.065386
19.389461	0.063282
19.719239	0.115061
18.406269	0.046754
19.982637	0.099743
19.967736	0.123512
19.819661	0.077671
21.608564	0.281702
17.840619	0.110114
19.521451	0.069797
19.893829	0.085626
19.115661	0.151213
20.590823	0.186492
19.358653	0.091262
20.711062	0.301762
19.738261	0.119278
20.647743	0.116414
20.054702	0.125464
19.472328	0.066139
19.410656	0.130573
20.242384	0.131492
19.397147	0.078291
21.471564	0.162062
19.501443	0.187535
19.404902	0.070945
20.515389	0.170025
21.345311	0.184795
20.801653	0.099991
18.927083	0.065256
20.038858	0.207251
20.872991	0.160184
20.654709	0.138998
19.809155	0.126835
19.571057	0.127934
19.777242	0.137447
20.624787	0.117151
20.438437	0.13528
20.456765	0.118418
19.911287	0.100968
19.912369	0.180554
20.388342	0.105594
19.79524	0.172151
20.385827	0.12803
19.560102	0.086794
18.783339	0.102428
19.658961	0.299069
20.206999	0.078734
19.975838	0.098124
17.851277	0.08026
20.166323	0.168902
20.345519	0.168865
20.479126	0.104257
17.831726	0.088586
19.847213	0.122982
19.535449	0.065863
21.680842	0.160009
20.772758	0.117138
17.84504	0.088656
20.180587	0.119493
19.47687	0.092103
20.928261	0.208144
19.713199	0.116483
19.286536	0.112176
20.116298	0.170684
19.24425	0.147684
19.363504	0.066527
19.956041	0.091185
19.419086	0.088556
19.565483	0.077976
19.56903	0.082199
19.248652	0.119101
21.161074	0.205387
20.243844	0.155251
19.900459	0.117385
19.470465	0.083929
19.462304	0.113656
19.618104	0.082326
21.536109	0.185247
19.315792	0.121857
18.886222	0.134374
19.67044	0.112636
19.698822	0.091893
20.803534	0.103006
19.880147	0.106797
19.548787	0.130206
19.122295	0.119132
20.882536	0.203437
19.318168	0.092161
19.476664	0.126679
19.567805	0.123751
19.409608	0.115025
19.689513	0.204885
19.045371	0.096338
19.010631	0.060277
20.314561	0.194569
19.831513	0.1221
19.397323	0.091772
20.028381	0.10657
18.72683	0.063095
20.202587	0.141069
20.745639	0.137858
20.28301	0.174955
19.898587	0.125453
19.794522	0.125672
17.64045	0.081421
19.57753	0.137133
20.492417	0.098304
20.379747	0.109251
19.936993	0.133308
20.054139	0.08603
19.861755	0.158289
19.4766	0.163189
19.411724	0.123892
21.879422	0.276241
20.326124	0.183392
20.063083	0.115677
20.670178	0.222358
20.710575	0.132288
19.504214	0.155591
18.009949	0.108809
20.05852	0.141583
18.418291	0.133791
18.423644	0.083655
19.933979	0.106616
19.367236	0.111448
19.923336	0.085094
20.126784	0.162845
19.956271	0.094661
18.418657	0.097044
19.963352	0.131324
21.306167	0.171847
20.101271	0.138326
20.714189	0.172164
19.721614	0.071568
19.391282	0.081653
19.648217	0.072084
19.294965	0.092648
19.927457	0.10708
19.866574	0.157241
19.321358	0.138291
22.101308	0.193639
19.086434	0.141215
19.89336	0.107099
19.678811	0.124053
18.327896	0.070888
20.413106	0.132084
20.588789	0.122113
19.155241	0.060466
19.298548	0.135848
20.006792	0.147635
19.6188	0.083478
19.787509	0.18493
19.650999	0.207203
20.200427	0.099156
18.944395	0.137022
20.053087	0.213233
19.800397	0.146776
19.09903	0.141244
19.992371	0.100994
21.653488	0.172332
20.785344	0.15519
21.433654	0.170759
20.357652	0.17631
19.987915	0.139619
20.997737	0.188494
19.882062	0.086189
20.519123	0.12247
19.84194	0.13568
20.057655	0.082501
20.217223	0.16194
19.240631	0.121884
20.568822	0.20049
20.497653	0.249734
19.702636	0.202512
20.916286	0.134565
19.148454	0.058235
20.17312	0.118166
18.225453	0.057642
19.561765	0.087306
19.941904	0.193406
21.094268	0.174684
19.908601	0.098893
20.262822	0.123754
19.296654	0.149025
20.116886	0.095662
19.983591	0.084069
19.797558	0.147393
19.712002	0.168233
19.605102	0.071682
20.048481	0.134739
20.290011	0.101611
19.408937	0.090947
18.925935	0.066234
20.036272	0.106752
19.978416	0.170511
21.488945	0.19781
21.039082	0.154742
20.165085	0.102964
19.881045	0.304376
19.271266	0.085503
18.044045	0.08339
20.124831	0.161185
19.13245	0.191192
19.962507	0.104006
19.599342	0.096601
19.881233	0.161697
19.802223	0.089036
19.414703	0.12979
19.648069	0.149771
19.610347	0.121847
19.978593	0.187817
19.38147	0.131595
19.436239	0.090177
19.75361	0.202289
19.129031	0.099257
19.644485	0.147783
20.588807	0.126624
20.01155	0.094139
20.840121	0.420873
19.593856	0.081638
21.31263	0.195023
20.411049	0.300417
19.168041	0.128137
20.666688	0.094133
19.811741	0.137448
19.679625	0.134262
18.617708	0.139488
17.753216	0.040022
19.63839	0.096691
20.460074	0.296496
20.029639	0.102976
19.751612	0.167401
18.384421	0.085636
21.761116	0.311442
19.817373	0.113908
19.875451	0.073855
19.322087	0.077798
20.027177	0.137083
18.632641	0.066369
17.642188	0.082257
19.039878	0.122782
19.720724	0.175374
20.508918	0.117375
20.925395	0.175722
20.029415	0.075607
20.100922	0.084992
20.11557	0.114909
19.603149	0.081855
19.235602	0.17732
19.656185	0.091406
17.598177	0.062641
20.160311	0.115964
20.589569	0.336734
19.573592	0.131547
18.954129	0.114527
20.526086	0.155996
20.260821	0.224848
19.998353	0.15809
19.578133	0.118883
18.957212	0.062096
19.617467	0.105536
20.204892	0.215775
20.599411	0.156654
19.829118	0.19526
19.794469	0.219534
21.199355	0.183425
19.433921	0.111678
20.289295	0.17544
20.279513	0.192369
19.674335	0.106851
19.402914	0.063202
20.886462	0.203176
20.105587	0.248619
20.286179	0.109616
19.235582	0.111363
20.403364	0.242469
20.31368	0.134282
20.689643	0.106468
19.641021	0.208262
20.735858	0.181165
21.471272	0.161589
20.586911	0.269354
19.326911	0.080578
19.378147	0.097522
19.654553	0.14828
18.248698	0.122396
20.290102	0.089099
18.973952	0.127167
21.096403	0.296132
18.172089	0.070832
21.756031	0.202563
18.782769	0.061616
19.512487	0.144545
19.757764	0.132293
19.684894	0.085893
20.232279	0.147414
19.952576	0.075671
19.662926	0.073445
21.313984	0.330607
19.832799	0.091546
18.637302	0.068812
19.906438	0.171101
19.308997	0.178916
18.424506	0.050495
19.712117	0.106139
20.282951	0.130452
19.726082	0.102462
19.961378	0.102894
19.527653	0.198343
19.810292	0.079634
20.339384	0.174226
19.268933	0.169432
18.904508	0.099512
19.517081	0.084853
19.949521	0.097461
17.978846	0.112389
19.581832	0.113767
20.222184	0.120542
20.326868	0.141765
19.678347	0.13076
20.230687	0.090053
19.633091	0.123691
19.451041	0.114357
18.748712	0.081011
19.994737	0.11082
19.68282	0.136856
19.440797	0.063471
21.789176	0.270723
20.069494	0.17342
18.972458	0.136004
19.934425	0.107833
19.725763	0.078748
19.376149	0.095306
20.836568	0.111084
19.108301	0.090484
19.549048	0.136264
19.493156	0.104572
20.582438	0.140836
19.676466	0.124939
20.19386	0.1496
20.123873	0.114853
20.043676	0.099004
19.540609	0.087625
19.331784	0.10077
19.634993	0.110633
20.327642	0.172519
19.476111	0.097034
19.876227	0.1042
19.649928	0.135038
19.863912	0.116441
19.724615	0.141265
19.866633	0.099767
19.452667	0.136539
19.652724	0.111637
20.46647	0.204716
19.449921	0.138842
19.72042	0.113965
18.274965	0.071523
20.638999	0.128203
19.781387	0.076288
19.518078	0.099851
19.281641	0.108755
19.64314	0.184977
19.72341	0.128118
19.463935	0.128199
19.837006	0.078273
20.64497	0.130349
18.965537	0.093769
19.538806	0.116077
20.650721	0.198518
20.389085	0.232055
19.820446	0.133145
19.732101	0.078219
19.550069	0.17429
19.98251	0.173552
19.654972	0.178504
21.229818	0.25622
19.827986	0.085956
19.474458	0.189751
18.587211	0.087902
19.310141	0.081896
20.20491	0.088793
20.930376	0.144064
20.452092	0.173046
19.217792	0.084817
19.541563	0.085498
20.466986	0.165258
19.95198	0.167878
20.770731	0.134337
20.595975	0.19399
19.664685	0.142522
19.897418	0.143609
19.949047	0.07506
19.513798	0.126085
19.702517	0.07495
18.172269	0.131948
19.411487	0.103842
19.850848	0.128227
20.430093	0.169872
19.716597	0.117941
19.933697	0.159258
19.887134	0.079125
21.094764	0.168751
20.02933	0.12149
20.259197	0.171303
20.924779	0.158383
20.548132	0.224776
21.063755	0.158512
21.149584	0.134155
19.953654	0.128958
19.749786	0.10814
20.817297	0.134466
20.81236	0.136186
20.347052	0.090027
20.131557	0.085917
19.985527	0.072893
20.149757	0.141284
20.779368	0.144991
20.341723	0.112384
20.176914	0.089526
20.514718	0.138462
20.927229	0.30421
19.362076	0.09568
21.034764	0.203779
19.848165	0.110212
20.626014	0.184271
19.845954	0.12861
20.580853	0.116809
20.585887	0.10166
20.681794	0.329919
19.994061	0.10411
19.511138	0.074756
20.365788	0.094371
19.20723	0.092112
19.159744	0.077464
20.53457	0.123742
20.254437	0.159915
20.492062	0.111051
19.649678	0.086902
20.210683	0.180098
20.539319	0.088725
19.873088	0.145206
20.836717	0.139696
20.207296	0.143884
20.686313	0.093063
20.311539	0.189762
20.444408	0.163631
20.665557	0.300866
21.273726	0.189679
20.493961	0.12067
21.62112	0.191749
20.16505	0.163197
20.375841	0.120373
20.209103	0.213256
19.357154	0.064362
20.483308	0.117127
20.195227	0.226912
20.233869	0.119678
20.687582	0.149231
20.88563	0.219022
19.991672	0.128868
20.605742	0.123661
19.791281	0.075017
20.875811	0.246472
20.79771	0.150143
20.729235	0.188531
20.598513	0.172332
20.899051	0.119394
21.125189	0.136492
20.167476	0.121648
20.474782	0.156191
20.166027	0.084224
20.729679	0.097685
19.994029	0.184472
20.401848	0.097144
20.663076	0.415417
20.34102	0.100256
20.071079	0.139183
21.572106	0.236781
20.63815	0.106708
20.004936	0.130286
20.506353	0.200245
20.547789	0.276025
20.33374	0.094457
21.523891	0.26596
19.872979	0.205029
21.033965	0.244484
20.700968	0.088946
20.097682	0.100646
19.543498	0.100804
19.91041	0.142375
19.858388	0.137681
20.784748	0.270643
20.50867	0.098398
20.009033	0.080065
20.518887	0.195239
20.534579	0.104934
20.871644	0.171358
20.662426	0.226816
18.814716	0.125172
19.627944	0.116972
20.943584	0.189856
20.538168	0.212949
20.346496	0.101446
20.777929	0.243261
20.621095	0.248634
20.226589	0.260495
20.457743	0.092407
20.764513	0.119722
20.337969	0.144667
19.980336	0.169055
20.424533	0.159749
20.721906	0.141304
21.229748	0.14049
19.955671	0.150509
21.068395	0.139065
21.255106	0.204789
20.428124	0.137013
20.608442	0.15644
20.434373	0.245725
20.281474	0.153265
19.435762	0.095244
21.517748	0.231935
20.581508	0.182792
20.810874	0.167203
20.69495	0.129899
20.386502	0.093591
20.687734	0.150428
20.726176	0.188487
20.036977	0.17113
20.305681	0.137026
21.224548	0.135655
20.054627	0.116889
20.695706	0.221846
20.419861	0.198658
20.144678	0.105446
20.388257	0.304781
20.312972	0.17769
20.241557	0.1411
19.971378	0.105666
20.691028	0.110861
19.907668	0.153355
20.748993	0.194228
20.220485	0.18146
19.676441	0.104978
20.53307	0.178609
20.227644	0.20595
20.442616	0.128984
19.475167	0.11569
20.221609	0.142489
20.117088	0.12438
20.186007	0.100177
20.243303	0.146911
21.139346	0.141604
21.751969	0.33385
20.948361	0.125439
20.429226	0.203632
20.505573	0.191077
19.317513	0.116655
20.744172	0.231073
20.127292	0.145945
19.981627	0.182213
20.512104	0.143427
21.034063	0.176777
19.169581	0.072803
20.73211	0.149602
20.358333	0.182545
20.173531	0.195785
21.280485	0.116837
19.623591	0.093421
19.591834	0.227724
21.115383	0.237407
21.128011	0.241532
20.717267	0.214886
18.813116	0.079092
19.873194	0.214764
19.9444	0.162792
20.693947	0.127152
20.679176	0.251567
19.536998	0.09323
20.457527	0.161932
20.30935	0.205323
18.219041	0.073387
20.628106	0.272441
20.464854	0.167353
21.065883	0.112491
19.918333	0.101817
20.807968	0.150556
18.72709	0.083241
20.107776	0.163451
20.356937	0.113574
20.318418	0.123251
20.253454	0.187653
21.408694	0.125711
21.147167	0.115495
19.746994	0.10603
20.196548	0.151875
19.594762	0.111911
20.496061	0.204885
20.624885	0.170944
20.673271	0.144261
20.174229	0.205444
21.591234	0.257094
20.139492	0.111368
20.841776	0.122853
19.691909	0.084943
20.429356	0.181342
20.028049	0.087916
21.724356	0.197693
20.042458	0.170512
20.100956	0.176988
20.354139	0.214608
20.763364	0.141419
20.382657	0.102216
20.082979	0.088504
20.457251	0.175898
20.152639	0.130651
20.308832	0.119632
20.216882	0.095384
20.610867	0.123813
18.769553	0.109733
21.470992	0.462825
19.883702	0.105937
20.608936	0.097795
20.763053	0.147348
20.621871	0.13324
19.102992	0.124043
20.912182	0.210899
20.137291	0.368847
20.246737	0.10158
20.676684	0.144125
19.552093	0.073758
20.531848	0.095332
20.455497	0.11368
20.387285	0.091472
20.487901	0.264556
21.506722	0.217052
20.412336	0.101589
20.823505	0.140813
20.488472	0.319257
20.592945	0.203682
20.875633	0.118629
20.103039	0.164439
20.441721	0.234689
20.271394	0.16542
20.746616	0.207298
20.959847	0.135162
20.52885	0.126503
20.84178	0.190993
21.201364	0.120765
20.094863	0.100761
20.597117	0.132223
19.513013	0.066502
20.036018	0.137737
21.349665	0.114218
20.778052	0.12124
20.75182	0.118611
20.340369	0.136972
21.361575	0.230011
20.6951	0.124268
20.599454	0.13843
21.026274	0.379319
20.690518	0.178412
19.673633	0.190808
20.452034	0.223086
20.443727	0.100472
20.525504	0.111829
20.567581	0.096705
20.279189	0.144326
20.205701	0.257283
18.945024	0.079261
20.286306	0.123421
20.537706	0.095496
19.556164	0.161657
20.437078	0.214342
20.869581	0.180822
20.286394	0.1443
21.607816	0.183286
20.65138	0.205189
20.465813	0.210479
20.076927	0.092891
20.634724	0.194336
20.689435	0.143737
19.196973	0.137297
21.079104	0.209313
20.092124	0.122694
20.448768	0.163684
21.879658	0.312148
20.138725	0.126668
20.165374	0.154698
19.49354	0.090405
20.428016	0.204888
20.51096	0.10009
20.616273	0.102557
20.81009	0.162944
20.190726	0.082234
20.791701	0.226612
20.246264	0.085692
20.11107	0.124286
20.162358	0.085702
20.24921	0.109266
19.817604	0.088827
20.2935	0.1505
20.730007	0.240025
19.970606	0.09239
20.443689	0.178638
20.14545	0.107627
20.4162	0.177637
20.06933	0.112984
20.516695	0.149308
20.535404	0.109106
20.787403	0.255472
20.133574	0.115416
20.259173	0.134722
20.402947	0.242807
20.281854	0.178175
21.470849	0.189832
21.053136	0.146021
20.729144	0.152367
19.898683	0.080033
18.970963	0.085533
20.128724	0.13315
20.553629	0.155601
20.777072	0.145865
20.735089	0.210278
21.793653	0.380385
20.768394	0.098622
21.083655	0.225721
20.792468	0.267517
20.165005	0.147175
20.494406	0.09845
21.07016	0.178949
20.607379	0.101789
21.077819	0.109049
20.246449	0.155637
19.808606	0.100151
21.324817	0.157918
19.774797	0.109051
19.124983	0.084202
20.974444	0.235802
20.581692	0.102945
20.36195	0.217671
20.152554	0.140227
19.989024	0.131833
20.240733	0.184037
21.145419	0.16521
19.905005	0.08404
18.660439	0.050841
20.823143	0.181159
20.762112	0.189757
20.859336	0.21452
20.201867	0.083298
21.003121	0.277439
20.647454	0.177025
19.836302	0.149609
20.27032	0.196005
20.465782	0.127452
20.049847	0.088065
20.579014	0.152872
20.024164	0.080587
19.873401	0.122106
20.541829	0.153573
21.492286	0.442419
20.375476	0.089061
20.318725	0.147876
20.815431	0.147023
20.213316	0.099418
20.331078	0.104055
18.804615	0.105273
20.364724	0.180371
21.088312	0.330677
20.306018	0.118872
20.233611	0.161395
20.913612	0.231853
20.411832	0.121088
20.62054	0.091878
21.601762	0.179048
20.025969	0.292964
21.239758	0.154792
19.949359	0.078011
21.322574	0.126977
20.569987	0.141949
20.430997	0.1311
20.335651	0.198923
20.247409	0.157829
19.938838	0.139672
19.805104	0.084657
20.321213	0.093618
21.321806	0.116218
20.724389	0.44604
20.151928	0.171641
20.125369	0.117255
20.173343	0.244619
20.304458	0.1322
20.878037	0.233091
20.582806	0.120304
19.727528	0.171218
20.514485	0.171474
19.699452	0.244335
20.441522	0.167805
20.728756	0.119582
20.861207	0.172185
20.465305	0.102317
22.110868	0.218572
20.437628	0.115724
20.182999	0.176908
20.47219	0.253197
20.395703	0.202907
20.33572	0.168756
20.466905	0.204183
20.110812	0.298888
19.846275	0.157704
20.413371	0.154763
20.705933	0.09704
20.183516	0.275249
19.891634	0.237586
20.034571	0.288903
21.028546	0.14939
20.306817	0.222185
19.850417	0.161738
20.910357	0.148055
20.020683	0.226515
20.68989	0.224137
19.940397	0.132716
20.907705	0.123672
21.748913	0.161693
20.414468	0.103533
20.133638	0.182803
20.069275	0.130612
20.728018	0.228216
20.154116	0.136212
20.298075	0.104675
20.826604	0.180359
20.544093	0.243124
20.282832	0.110566
20.370448	0.182735
19.85188	0.207802
20.503765	0.123679
20.197764	0.142629
20.892415	0.141276
20.446769	0.116114
21.109417	0.179743
19.955451	0.144285
20.144419	0.206649
20.539627	0.136224
20.63752	0.284222
20.65819	0.127055
20.407708	0.184121
19.933308	0.180141
20.164755	0.14861
21.678686	0.222049
20.464966	0.129572
20.066674	0.31827
20.683241	0.110563
21.179428	0.131213
18.877218	0.119108
20.371557	0.113276
20.277548	0.185372
20.032505	0.10645
20.191688	0.110497
20.960759	0.197968
20.612382	0.192857
20.735526	0.170662
20.353893	0.14464
21.862731	0.454744
20.639953	0.201541
21.22946	0.140814
20.206108	0.146929
20.418547	0.156828
20.475813	0.164629
20.40664	0.225974
20.237302	0.124029
20.2322	0.177877
20.743434	0.16039
20.621879	0.098228
21.238527	0.195665
20.303977	0.126528
20.948936	0.183797
20.530522	0.165254
21.505537	0.248001
19.77663	0.091399
19.835076	0.079706
20.901174	0.237036
20.567218	0.104174
20.553451	0.094887
20.61225	0.179446
19.691108	0.215746
20.55454	0.146919
20.574094	0.162169
19.890849	0.201401
20.051351	0.128551
20.28219	0.080424
20.457043	0.19307
20.10034	0.116944
20.301832	0.152085
20.182886	0.24477
19.940609	0.110794
20.676112	0.096001
20.535729	0.13158
21.052612	0.127452
21.032524	0.167405
20.665209	0.152472
20.020336	0.091382
19.939964	0.092245
20.401794	0.102332
20.989781	0.15474
20.725676	0.233857
20.079128	0.108751
20.805871	0.133864
19.746642	0.264355
20.436752	0.159928
20.884307	0.145342
20.513843	0.096141
20.628029	0.167755
20.062583	0.123803
20.583178	0.091302
19.576796	0.078658
21.543736	0.215389
20.932268	0.118462
20.58352	0.132332
18.150232	0.093877
20.512795	0.090035
20.717786	0.30867
19.190237	0.070503
20.978521	0.12325
20.118329	0.202995
20.096056	0.160004
20.460181	0.135638
19.836852	0.1826
20.414385	0.216755
19.934102	0.188603
19.905112	0.155011
20.906662	0.115776
20.200757	0.242641
20.392903	0.139971
21.025085	0.199022
19.129593	0.063861
21.538254	0.176533
20.713946	0.121195
20.382015	0.085708
19.967551	0.102777
20.27152	0.087926
21.043703	0.139847
21.590971	0.149973
20.248308	0.13045
20.922857	0.160163
20.738856	0.171435
19.920842	0.14213
20.092503	0.161498
20.692177	0.15438
20.278612	0.147333
20.512544	0.225779
20.341763	0.117013
21.052646	0.229966
20.721772	0.096197
20.025711	0.194249
20.296177	0.084215
20.512534	0.187403
20.046398	0.080235
21.361663	0.168293
20.274722	0.090635
20.049951	0.09323
19.913968	0.151274
20.133942	0.081339
20.053572	0.132914
20.078425	0.093317
20.377281	0.119052
20.202229	0.17096
20.745136	0.112558
20.484728	0.171353
19.867931	0.193763
20.676675	0.104755
19.878436	0.090603
20.349134	0.193708
19.82915	0.212462
20.139034	0.191168
20.827238	0.112244
20.449811	0.183484
20.396082	0.150802
20.555683	0.223584
19.982137	0.081894
20.711328	0.165965
19.327996	0.098817
20.228174	0.237245
20.718707	0.160906
20.173484	0.131397
20.656052	0.117408
20.732909	0.170705
20.580364	0.105547
19.432522	0.119423
21.203125	0.145245
19.64487	0.103719
20.005185	0.170119
20.309469	0.080627
20.013782	0.142303
20.086377	0.124223
20.624775	0.217141
20.767221	0.253712
20.3838	0.232564
20.713532	0.160409
20.177047	0.114749
21.006823	0.234578
20.611163	0.214884
20.520134	0.10299
20.5538	0.095793
20.099542	0.077946
20.464269	0.12309
20.847336	0.200094
20.7685	0.125059
20.948174	0.193238
20.76977	0.260957
19.914268	0.242552
20.600377	0.286452
20.308334	0.083452
20.312144	0.092948
20.550757	0.300348
20.373797	0.120791
20.480475	0.140115
20.842048	0.13589
19.706593	0.171614
20.823961	0.258463
20.037877	0.100588
21.003237	0.119024
20.970974	0.281615
20.793062	0.222261
20.93414	0.120133
20.132706	0.104133
20.263129	0.141041
20.598401	0.161392
19.66823	0.161103
18.814423	0.157034
20.505924	0.219393
20.345208	0.210062
20.239398	0.148283
20.064119	0.1828
21.078218	0.194909
20.496763	0.116538
20.538715	0.097742
20.253428	0.082533
20.196351	0.143886
20.190363	0.119461
20.12017	0.135719
20.54913	0.130161
20.386314	0.091074
20.745207	0.161988
20.220692	0.157997
20.26224	0.173779
20.682162	0.193101
20.533035	0.156963
20.405128	0.208341
21.20792	0.154031
20.525947	0.093272
20.872031	0.106446
20.389131	0.16583
20.042874	0.093081
20.370923	0.203702
19.937424	0.107355
20.528661	0.127592
20.220008	0.156942
19.976179	0.102782
20.16622	0.139711
18.358323	0.075178
21.237521	0.14839
20.421061	0.124594
20.580518	0.090928
20.583752	0.185865
20.397778	0.128859
20.165683	0.119218
20.140826	0.191185
20.846337	0.105221
20.449646	0.113812
20.960772	0.192825
19.645349	0.076336
21.023187	0.296037
20.717211	0.136527
21.174567	0.287883
19.409743	0.149044
20.261137	0.105997
20.547406	0.336997
20.597857	0.164948
20.332489	0.145858
21.185633	0.239911
19.362372	0.129429
20.691753	0.158927
20.469861	0.163941
21.331103	0.208343
21.199251	0.245148
20.163857	0.117701
19.598447	0.091867
21.08481	0.364431
19.840737	0.169552
20.603851	0.252784
20.238683	0.211564
20.233455	0.158318
20.294308	0.221891
20.689693	0.171571
20.620194	0.134393
18.726457	0.050672
19.220402	0.142296
19.831717	0.167563
20.574789	0.211961
20.182894	0.23771
20.422623	0.271946
20.765136	0.260533
20.472997	0.092421
20.633155	0.157293
19.749533	0.146521
20.064734	0.27353
20.610265	0.213961
20.050178	0.079259
20.294361	0.087243
20.483998	0.144892
20.657	0.217437
20.179908	0.08037
20.12222	0.098519
20.38362	0.313558
20.110406	0.09179
20.242035	0.179198
20.188666	0.230478
20.202808	0.16129
20.695668	0.289401
21.217524	0.241433
20.227237	0.176039
19.790591	0.082129
20.776102	0.188042
20.244747	0.222523
21.003502	0.13183
20.277027	0.088214
19.687598	0.157236
20.624863	0.230165
20.50958	0.091162
20.965803	0.180946
20.483807	0.306428
19.882241	0.139835
20.45148	0.108071
20.52246	0.110837
20.225944	0.109572
21.636849	0.139858
21.02574	0.149979
20.281851	0.175415
20.818426	0.136257
20.00497	0.086758
20.288603	0.161523
20.917076	0.132857
20.383352	0.119257
20.447696	0.285482
20.241306	0.080716
20.074297	0.160315
20.558074	0.106634
20.164036	0.109885
20.812259	0.258783
20.325793	0.175731
19.995918	0.082081
20.520999	0.144565
21.111933	0.176492
19.812118	0.117619
20.543054	0.109975
20.566713	0.115387
20.511666	0.180035
20.042776	0.120206
20.35958	0.144039
20.409977	0.174617
20.155445	0.217297
20.276123	0.162059
20.321079	0.251966
20.510918	0.13952
20.204022	0.233923
19.267061	0.100123
20.306559	0.144889
20.06876	0.140305
19.818859	0.114237
20.226692	0.135817
21.038279	0.446362
19.601187	0.149744
20.240739	0.220142
20.324182	0.109329
20.378129	0.102002
20.206444	0.136198
20.389464	0.204402
19.294221	0.165878
20.717718	0.147904
21.28944	0.133688
19.791603	0.070047
20.091394	0.14236
19.953938	0.172132
20.962871	0.24758
20.313884	0.089369
20.075236	0.150522
20.832839	0.120451
20.077823	0.108266
20.745997	0.109675
20.104067	0.083053
20.352987	0.141163
19.537699	0.1407
20.431158	0.216269
20.012917	0.087849
21.021674	0.11006
20.024941	0.098216
20.393008	0.113021
20.24915	0.171533
19.816006	0.194823
20.226391	0.119185
20.092164	0.09341
20.519647	0.107839
20.442616	0.203402
20.013989	0.086357
20.882416	0.187833
21.176523	0.152829
19.450526	0.159198
20.233396	0.150785
20.166191	0.204101
20.249484	0.139426
20.173342	0.187682
20.986538	0.241509
20.440554	0.137347
20.477477	0.250186
20.270155	0.142107
20.476086	0.131231
20.657001	0.121374
20.438061	0.150547
20.239469	0.08062
20.401913	0.112593
20.19145	0.169668
19.955659	0.193933
20.241107	0.120826
20.187994	0.242202
20.683159	0.253675
20.172293	0.213202
20.995558	0.170036
20.034643	0.156485
20.335276	0.186358
20.372766	0.122703
20.72719	0.165329
19.584364	0.149153
20.889875	0.253698
20.738395	0.2239
20.39408	0.144261
19.962136	0.121677
20.192605	0.13341
21.023983	0.149352
20.386678	0.111841
20.965418	0.132705
19.811646	0.131627
20.058792	0.079619
21.341257	0.178088
20.151718	0.137135
21.65221	0.394939
21.259913	0.189557
19.45165	0.082598
20.941917	0.189726
19.91211	0.081824
19.88693	0.180275
20.842089	0.127677
20.123816	0.101284
21.327059	0.119808
21.81273	0.210261
21.123317	0.135424
20.914374	0.198233
20.786717	0.246516
20.59749	0.199548
20.965021	0.227462
20.972508	0.162604
21.098162	0.181864
21.005841	0.114684
20.902345	0.15228
20.733736	0.251485
21.125952	0.248613
20.616023	0.148959
20.830828	0.125911
21.041794	0.111315
21.141064	0.282456
21.283411	0.24929
21.156113	0.152241
21.292396	0.159997
21.875508	0.289847
20.966791	0.14843
20.988239	0.13164
20.889315	0.144431
21.615462	0.18015
21.293697	0.139944
20.662061	0.234594
21.106189	0.141504
20.422098	0.183875
21.584209	0.186306
21.25032	0.202988
21.032626	0.184772
21.756872	0.333423
21.114992	0.195659
20.53085	0.131313
20.824907	0.104608
20.39932	0.165242
20.779468	0.12309
20.919009	0.107954
21.259597	0.279872
21.797166	0.26112
20.786258	0.109493
20.722664	0.179736
21.15275	0.132027
20.815213	0.167897
20.700286	0.102606
21.196948	0.237547
20.614251	0.25574
20.930813	0.131336
20.496454	0.105807
20.83626	0.32002
20.932676	0.204807
21.108224	0.166123
21.230593	0.23269
21.10527	0.29205
20.841749	0.208633
21.50124	0.195356
20.905037	0.308157
20.595583	0.100438
20.997992	0.121882
21.286762	0.344255
20.444038	0.264545
21.60587	0.32394
21.555595	0.257905
21.150666	0.12864
21.50792	0.157394
21.72551	0.134465
20.389401	0.174504
21.285885	0.131295
20.465686	0.202854
21.238767	0.215432
20.350312	0.266912
21.301649	0.167912
20.332302	0.175798
21.546129	0.152967
20.878085	0.180086
20.634435	0.142572
20.793571	0.123856
20.973495	0.3344
20.733324	0.167058
20.75883	0.22813
21.416572	0.201234
21.22003	0.140228
20.167206	0.191481
20.579231	0.168906
21.602893	0.186676
21.14188	0.129077
21.205657	0.118552
21.145175	0.296887
21.287547	0.245705
20.791289	0.169051
20.742968	0.146845
20.879774	0.171707
20.806384	0.153553
20.308398	0.219956
20.417749	0.096929
20.091637	0.135266
20.792646	0.219077
20.244404	0.268846
20.531235	0.221966
20.529074	0.289501
20.004332	0.09772
20.581075	0.142922
20.237503	0.25603
21.073572	0.223094
20.91918	0.36911
20.951965	0.197217
21.045769	0.236208
21.692602	0.145952
21.079681	0.248718
20.946371	0.104345
20.577751	0.174523
20.916185	0.139899
21.813096	0.478802
21.373638	0.187646
21.38004	0.167762
21.368764	0.11991
21.157809	0.239559
20.854505	0.113235
21.008884	0.21823
20.974499	0.113988
21.317961	0.201426
20.806032	0.107536
20.757793	0.184262
20.123755	0.155384
20.836418	0.137602
21.299871	0.170061
20.96493	0.14502
21.152403	0.132382
20.634043	0.219487
20.907119	0.117564
21.122196	0.210103
21.059347	0.166182
21.232733	0.119998
21.364995	0.172498
20.888139	0.104495
20.890308	0.11017
21.422569	0.144187
20.943306	0.163333
20.798868	0.097076
20.630519	0.268023
21.200028	0.182536
21.409678	0.150724
20.923602	0.143892
20.267822	0.181236
21.821323	0.368235
20.825785	0.226073
20.868994	0.174945
21.248205	0.115947
21.179639	0.254082
20.711719	0.324377
20.919284	0.111736
21.418741	0.164954
20.395712	0.177071
20.782496	0.190608
20.997196	0.150601
21.188116	0.161761
21.344281	0.16663
21.357672	0.142364
20.895079	0.173607
20.75856	0.172405
20.503333	0.136931
20.696976	0.150141
20.855116	0.191111
21.23062	0.152629
21.033662	0.231321
21.152918	0.278128
21.098633	0.27692
20.323958	0.116936
20.935029	0.143278
20.451755	0.182991
21.59408	0.187644
20.856439	0.226881
21.269209	0.224272
20.764497	0.183137
21.32393	0.186255
21.325018	0.261223
20.111576	0.107537
21.316077	0.116499
20.914883	0.28428
20.602923	0.127096
21.010076	0.129193
21.042873	0.153797
20.757558	0.173487
20.684033	0.16953
20.863668	0.106991
21.477729	0.225113
21.184229	0.246071
21.0831	0.150698
20.88439	0.186904
20.668024	0.160568
21.926552	0.283049
21.207681	0.147414
20.765592	0.183329
20.788933	0.197256
20.880246	0.276542
20.939643	0.307413
21.378939	0.161553
21.764414	0.207631
20.762151	0.16131
21.498784	0.23229
21.351758	0.185847
21.06625	0.129001
21.398596	0.237303
21.282067	0.14667
21.349028	0.220708
20.732386	0.284838
20.883338	0.127777
20.398222	0.129333
20.756353	0.218183
21.31889	0.154103
20.48737	0.108404
20.939691	0.116591
20.788689	0.273239
20.767027	0.228447
20.958804	0.310465
21.068093	0.169723
21.092467	0.31492
21.193712	0.156209
20.931763	0.139952
21.575115	0.261728
21.099381	0.145414
20.921774	0.112262
20.829142	0.139237
20.714474	0.269559
21.288775	0.128713
21.600465	0.141373
21.094252	0.195278
21.158957	0.200562
21.301753	0.270498
20.613675	0.130487
21.354917	0.337949
21.145188	0.236477
21.14555	0.160524
20.614375	0.154941
21.014173	0.201145
21.641335	0.183484
20.396901	0.323708
20.591394	0.114712
20.883446	0.116148
20.776126	0.137061
20.800958	0.1584
20.898319	0.143221
21.375054	0.207541
21.402889	0.169621
21.277559	0.239441
20.980704	0.241316
21.286383	0.169134
21.487043	0.193077
21.059235	0.287754
21.236275	0.195259
21.186282	0.142783
20.703963	0.198347
22.017591	0.366764
20.389912	0.258414
21.179434	0.113428
20.3063	0.110377
21.197772	0.165883
21.301965	0.127096
21.152851	0.345077
20.795142	0.221978
21.074198	0.208603
20.768165	0.216494
20.878414	0.143513
20.802269	0.146524
21.059096	0.231408
21.298029	0.118813
21.272678	0.181866
21.180056	0.387253
21.263161	0.323699
20.443478	0.220818
21.255257	0.120614
21.311993	0.183861
19.737743	0.092079
20.132597	0.273687
20.394856	0.136831
21.564529	0.357982
20.835565	0.374107
20.506215	0.178307
21.023972	0.22801
20.82762	0.160667
20.735894	0.16636
20.982308	0.162084
20.671153	0.289117
21.211288	0.297758
21.028653	0.192115
21.19825	0.129563
20.587278	0.245886
20.93779	0.184746
20.973679	0.14066
21.682353	0.201831
20.711733	0.224985
21.200724	0.159477
21.500334	0.162127
21.225177	0.129649
20.530574	0.205235
21.102126	0.196352
20.82059	0.140896
21.515833	0.250184
20.783379	0.150553
21.128394	0.119054
21.02254	0.270721
20.720956	0.251173
20.975795	0.262893
21.659535	0.166965
20.557799	0.213508
20.818301	0.128319
20.927845	0.159574
20.667267	0.133885
21.404714	0.139569
20.311784	0.193491
20.621288	0.19872
20.707192	0.117125
20.968954	0.259975
20.657621	0.317327
20.599812	0.115789
20.996061	0.330781
20.730442	0.117211
21.224075	0.248578
21.117185	0.142529
20.740411	0.214748
21.317089	0.215239
20.833396	0.209255
21.09913	0.127043
21.173423	0.122592
20.834029	0.149084
21.133084	0.117237
20.741905	0.136547
20.877446	0.217781
20.349331	0.229249
20.820786	0.149141
20.629926	0.270069
20.883968	0.169703
20.171603	0.210945
21.351347	0.153403
21.426073	0.135271
20.633012	0.196474
20.465222	0.2609
20.976785	0.250138
21.047366	0.31662
21.055248	0.243028
20.952922	0.114106
20.725434	0.218194
21.334395	0.182532
20.345063	0.125536
20.786037	0.182711
21.076299	0.230157
21.287753	0.165212
21.216877	0.130061
21.185585	0.189736
20.807722	0.218171
21.581178	0.148964
20.829539	0.257991
21.212675	0.205794
20.685836	0.187164
20.965508	0.222921
20.55554	0.118323
21.352879	0.177116
20.112116	0.102347
20.981029	0.21836
20.955454	0.162248
21.213024	0.158469
20.457306	0.188761
21.085606	0.152228
21.10363	0.213705
21.626118	0.208813
20.733215	0.174665
20.901936	0.228131
20.876841	0.101904
21.408628	0.132564
21.225044	0.155555
20.684236	0.179142
20.833327	0.247276
20.774364	0.304712
21.318229	0.120473
20.896313	0.107046
21.199113	0.126074
20.567517	0.17984
20.888734	0.20112
21.540018	0.130528
20.870118	0.1786
21.347668	0.154539
21.585762	0.224313
20.944752	0.155213
20.966657	0.148268
21.047792	0.119133
20.966754	0.14176
21.399699	0.205892
20.339938	0.155898
20.712371	0.153482
20.728968	0.437162
20.729909	0.157978
21.359139	0.318665
21.026824	0.192139
21.520137	0.21708
21.084233	0.145412
20.824665	0.280167
20.58138	0.12826
21.275256	0.195914
21.238438	0.117484
21.05932	0.122854
21.323463	0.141861
21.672619	0.283582
21.298558	0.28947
20.616802	0.188453
20.960915	0.142446
20.654564	0.11234
20.837926	0.23458
21.069133	0.164954
20.478563	0.212016
21.863443	0.358403
21.052147	0.152315
20.927454	0.295453
21.374905	0.229115
21.37885	0.142828
21.272663	0.150891
20.852419	0.149929
20.750179	0.192897
20.714443	0.140786
20.904506	0.136641
21.149977	0.260479
20.506197	0.19631
20.527006	0.138147
20.860629	0.096927
21.185839	0.360727
21.112381	0.304087
20.833963	0.445803
21.370451	0.143022
21.528237	0.319121
21.147651	0.131891
20.862942	0.296048
21.512682	0.403201
20.926441	0.146874
20.822756	0.434382
20.782327	0.105428
21.242976	0.224288
21.018402	0.276917
21.162959	0.139002
20.787288	0.255719
20.923651	0.181622
20.46565	0.297642
21.196973	0.249804
21.023414	0.180126
20.72195	0.103627
20.656883	0.250055
21.003011	0.309488
21.319753	0.235058
20.907222	0.228558
21.14412	0.435825
21.316832	0.152803
21.248648	0.152948
21.167247	0.14999
20.556594	0.195363
21.210469	0.284858
21.159311	0.139461
21.589843	0.320004
21.180008	0.122676
21.026098	0.255331
20.790959	0.208211
21.268022	0.314373
21.422335	0.179443
20.911972	0.22063
21.25565	0.25448
21.411855	0.181632
20.633772	0.372734
21.625375	0.242461
20.587986	0.149373
20.952497	0.144355
20.954578	0.245144
21.00864	0.289031
21.452776	0.132629
20.5943	0.189983
20.112239	0.115026
21.191975	0.268336
21.515275	0.127191
21.215517	0.320852
20.831429	0.165353
21.328341	0.126878
21.555914	0.158406
20.873172	0.140078
21.029288	0.250262
21.20703	0.124266
20.798319	0.147797
20.599274	0.447506
20.812608	0.102786
21.173625	0.167686
21.249677	0.140777
21.354632	0.365481
20.905591	0.189729
21.225367	0.13676
20.919613	0.17987
21.740158	0.268561
20.793792	0.149654
20.613663	0.154028
20.78918	0.13819
20.847661	0.201154
22.026384	0.24668
20.491562	0.121979
20.421591	0.127773
20.887505	0.099843
21.373779	0.170266
21.770733	0.390191
21.128949	0.124951
21.215244	0.160087
20.757422	0.293404
21.487922	0.169553
20.945368	0.304487
21.516303	0.17564
20.813125	0.16177
21.048306	0.267834
20.63849	0.313188
21.643889	0.252547
20.697339	0.121489
20.87157	0.237283
21.565226	0.173498
20.224281	0.258599
21.066559	0.105921
20.968349	0.155321
21.113179	0.136315
21.381881	0.154083
20.198295	0.360213
20.499794	0.198132
20.93227	0.283511
20.999207	0.129471
21.1946	0.214933
21.14521	0.308775
20.698536	0.229978
20.863603	0.199089
20.932876	0.114816
20.972096	0.164343
21.357794	0.172347
21.425215	0.19279
21.20521	0.170739
21.677844	0.155557
20.879913	0.260332
20.609358	0.170368
20.44143	0.224466
21.136647	0.374134
21.077925	0.156465
21.991504	0.245166
21.010674	0.10665
20.891434	0.250829
19.612262	0.148495
21.010874	0.226903
21.270463	0.146589
21.221448	0.171072
21.190247	0.227943
20.885536	0.1632
21.642057	0.29475
20.854666	0.248677
21.060947	0.117574
20.845443	0.11413
21.671134	0.250026
20.772426	0.260889
21.145322	0.174899
20.491956	0.208056
21.440043	0.149633
21.905034	0.34492
21.197478	0.179469
20.61746	0.200659
21.508921	0.260014
21.720843	0.189137
20.974495	0.228972
21.01147	0.129539
21.185035	0.198065
21.608426	0.20464
21.307026	0.138362
21.380552	0.164148
21.555543	0.23118
21.308123	0.437715
20.208061	0.170147
21.728409	0.205432
20.522248	0.199582
21.105728	0.186963
20.997894	0.201686
21.145619	0.171687
20.627015	0.211051
21.339408	0.153886
20.531257	0.19529
21.280604	0.163108
20.824888	0.254321
21.233297	0.261814
20.826688	0.301733
20.809452	0.159312
20.736203	0.168368
21.413166	0.126606
20.702613	0.175528
20.897721	0.118585
20.918091	0.255341
20.886283	0.13791
21.033936	0.149393
20.985282	0.195465
21.060769	0.263475
21.205684	0.191238
20.40915	0.144561
21.259101	0.213253
21.280992	0.148633
20.772945	0.164137
21.364025	0.176516
20.89223	0.304631
20.667718	0.11929
21.278666	0.117953
20.231501	0.11112
21.656535	0.178478
20.781454	0.128224
20.370688	0.165117
20.868576	0.122496
21.512098	0.212028
21.027585	0.12795
21.092784	0.154345
20.715053	0.285429
21.523711	0.180002
21.365243	0.334164
20.72391	0.186055
21.411006	0.221075
21.080696	0.247927
21.439428	0.185975
20.993167	0.327564
21.302917	0.241089
21.269276	0.176466
21.592306	0.301527
21.052688	0.106295
20.045158	0.22541
19.870034	0.079938
20.716526	0.297421
20.870189	0.138936
20.460489	0.282403
20.94456	0.215725
21.010777	0.132835
21.27543	0.183522
21.336183	0.156098
21.208788	0.314021
20.834777	0.195639
21.351569	0.128921
20.275689	0.288042
20.492249	0.089252
20.522032	0.126598
20.785654	0.170103
21.010354	0.178129
21.615397	0.221222
21.220995	0.149958
20.975153	0.296126
21.38983	0.236702
20.91737	0.216608
20.966208	0.110256
21.144751	0.149267
21.493023	0.144398
20.500803	0.122343
21.158579	0.20048
21.041957	0.27162
20.693173	0.125137
21.224724	0.114368
21.01687	0.324309
21.015265	0.297814
20.766851	0.217054
20.976523	0.354547
21.089059	0.1817
20.738969	0.20148
21.1309	0.225857
21.004999	0.139693
21.048691	0.258497
21.819551	0.247313
20.794988	0.165927
21.165863	0.10678
20.495726	0.159109
21.160101	0.12172
20.356798	0.171452
21.325705	0.220857
21.451776	0.191286
20.162182	0.498088
21.014509	0.249671
20.716569	0.174618
21.150086	0.15726
21.023953	0.140581
21.094655	0.13326
21.491387	0.275684
20.099983	0.144621
20.655762	0.096012
21.208962	0.210208
20.332779	0.397393
21.078665	0.255443
21.000853	0.165421
20.964132	0.409471
20.473553	0.241694
20.884452	0.225257
21.022986	0.305158
21.037501	0.205336
21.125871	0.259368
21.268889	0.282529
21.383386	0.140506
21.067889	0.160313
20.569669	0.171937
20.771476	0.261472
21.402182	0.186573
21.125351	0.261617
20.216573	0.080194
20.334457	0.165102
20.833976	0.159914
21.186965	0.236121
20.759502	0.239978
21.395219	0.148512
20.811524	0.113858
21.457593	0.166518
20.748202	0.132657
21.187137	0.137403
21.124731	0.14519
20.802099	0.116292
20.841027	0.217462
21.197623	0.1544
20.634852	0.137566
20.727731	0.234673
20.919346	0.204183
20.674125	0.347252
21.004298	0.319778
21.093782	0.253644
20.627336	0.189133
20.7775	0.20691
20.972628	0.106379
21.257557	0.176327
21.504595	0.149522
21.116011	0.291965
20.253355	0.205768
20.723082	0.17884
21.320413	0.232829
20.785907	0.183145
20.902135	0.113224
21.072639	0.168745
20.99343	0.134299
21.350792	0.16916
21.450191	0.183591
21.228816	0.19805
20.683224	0.216692
20.385434	0.32243
21.15663	0.17804
20.738922	0.140443
20.355176	0.131502
21.096045	0.12141
20.363692	0.2742
20.955475	0.154063
20.857706	0.118188
20.803241	0.157392
21.798758	0.258966
21.044345	0.173309
20.371828	0.220812
21.427465	0.288821
20.958828	0.212642
21.307037	0.171968
20.671432	0.173189
21.482779	0.142541
21.14329	0.286952
20.731128	0.204532
21.484426	0.330779
21.207464	0.417238
21.061496	0.253612
20.887728	0.14073
20.850406	0.250696
21.377211	0.14626
21.289328	0.130818
21.002001	0.20606
20.993722	0.259193
20.758181	0.264172
20.787511	0.31475
20.237948	0.127672
21.281774	0.207888
21.081654	0.247355
21.338901	0.185199
20.865063	0.160116
20.79784	0.13806
20.90994	0.273853
21.038207	0.161631
21.249276	0.152003
20.823567	0.120905
21.029456	0.1944